590508354
2753064970
732667935
847095401
3410494739
1708497444
1307184353
668444646
3372917937
1287401414
3755805204
919863447
2964960998
190040653
2931556848
3609401766
3193789017
4290080927
2276353484
302307677
3821286365
2126865884
1280143857
3740336118
3465170938
3514267694
2698782730
2983900477
269498576
2178422165
1009706428
4023900419
438612836
61467855
2455668167
1738889987
1160766082
3489437419
1388244883
346067499
2260796101
2151779984
2649778984
2847070103
18325085
1137030565
2600856605
1950317235
2711773853
1824457260
1811816146
348249684
2278745607
1587096418
3300065735
2791460110
1518496098
3253955393
3311931268
2186786537
3258817741
738501022
1658178292
5795800
23876921
570068801
3466872137
2407890661
2046375870
1785508523
3208321369
819258618
69975807
2491985525
1849994793
1120518047
4355555878
2296970118
2461612106
2458193545
3361525573
3127488587
743836310
2821229123
1145263868
4373603796
1503873329
2630054220
11352668
1894320969
3774835607
1108853976
721656796
70952087
3170643127
3956100579
167503999
1896703369
2915094154
2027596308
2127371205
1936746462
1241136820
2654494730
1720996099
3734904716
2437828177
4251088590
1194168456
2341692609
3413714312
255415382
1952745236
768883038
3945718302
1516094692
1655872062
643880607
1331368487
4171793254
3563563379
4176153288
194269899
3480484312
4117352372
4361214845
3392485298
830714155
1444718718
525321637
2595418857
3487046433
3661972444
380667708
1772764865
1173908145
3933918189
3183788219
3886183112
1237387726
2546331415
3022638322
1371853044
1873206438
3366161513
553480809
1474051670
3436874481
3154469647
3641741677
2237492727
3541549598
312966903
230396966
1451515411
1602505236
3259680057
451102818
2344977042
3144077486
2845542908
149520391
361973627
2305706510
2992588527
2343423993
1326230344
472885000
1642476045
2350839799
3710626205
274375854
675354781
1590565930
1105287120
597199356
628545966
1648339286
1760834865
1645487811
2802170655
991380115
4305379134
1025638082
3723997540
3523156171
4374929928
19950518
2239299860
4420486969
713507146
3259840933
3261317087
3841395477
2105622503
3369035160
2032384818
2591130154
1943604033
2270313699
703561804
169002755
1564458357
4334430304
3474013143
3098718430
3370489054
2386923860
2960529311
2378541292
3519470151
3993362500
1093832986
4101084444
3054648997
3887810698
2082349137
2821850776
4164738696
3648829770
4194289028
376355259
3485523261
3827533902
1325512689
1069451226
4207796562
3583678998
1265179464
4182354923
418030413
4262131577
1709818103
1661633285
3659513834
3112830882
3595554458
907571259
2832437580
3986176412
4295622403
1204145888
440971151
2622793822
1484697411
2421847172
3481576551
3712113824
1312720103
741812433
581621104
3793809889
2573975780
1153562249
1596561813
3020495987
265227463
537659021
2444218038
925167638
3644117610
3428929236
3509431287
3378710253
472089392
1486913009
34530960
1194108249
3454228516
3181758102
1100874277
278523511
2734718477
3135933307
3734166528
3155380597
2239215608
619721881
3061064678
834219228
3531975469
3416606131
2748051658
2589030186
2416131066
1518519008
1677837215
3255711071
678209647
4181664338
45959616
1423117806
3310544918
1186194526
1214799201
1060459050
2102149624
2647977654
842535150
2605596539
441086009
1599755462
133308653
995373267
1474193031
2339536726
797244482
906628384
94849578
2336708374
1939005960
2358547103
1998430970
655011575
711513693
3750230589
3128047882
597944348
4020758139
4164969830
2288297959
2247963798
4214822741
1421593750
1856787497
1442833601
762000642
1205786845
82900218
2112351371
2524314399
2281803630
4328982232
3552749647
1005932866
797109146
1849763548
1545831184
953534879
4012724252
43271011
35098441
1144669286
3682683947
1462579834
1805677900
2244172382
4163623776
178041397
4313508344
2145433855
718859819
2709149623
2104957058
4365234124
2414016293
3802373736
1956800586
3482263819
749704977
973633829
275840508
3083755938
3048937399
2180820913
1901526905
4392766349
3043603938
734244920
3612552678
2777758967
1411358448
1758684035
3239958403
2865200251
2698350467
4258405157
108549922
2930433594
1865319612
48642685
634407970
3024356191
357595781
3020402770
3724109417
1645521729
2226828841
3414143838
1786668858
2426296840
1456950082
2125508637
1027983068
2507864669
1141908784
3162853934
2114763838
2688480958
3317092933
3655586165
2196550979
3343501939
2543901028
1320502928
3097859965
1313896400
2401566603
1020490821
630403858
1435240896
4117574264
3338788213
1357790628
73277178
166309075
1912818638
2039714419
1932516699
2285632762
807177519
578384092
1164194869
1002308549
3600078053
224078295
3691873573
1677911111
1237988866
859669998
3070952281
3584129947
3066350411
3782575357
3032191887
517655964
1818600508
668845535
1628398870
4433535939
4310286779
2225537861
1574278490
1654432382
652333829
3237794237
2953686120
15958163
2821768225
2921083420
1055935773
3284219152
709785027
4099937641
174572608
3220284320
1744737298
4202846813
1433319089
70691932
3088171741
194831998
4018738725
3760400288
2535005484
4314272261
3308213260
366912766
2774255857
3009799537
3372966954
43584278
3783574107
3775743622
2096738931
4236799663
2518885017
3136316699
1429774960
3198212346
2707933783
47294247
1430816263
687850273
648764242
1105291349
2864244263
3057659927
4226964697
3279164325
4191938009
1283301613
3663213383
1612375108
3104311533
450456631
760185089
3809922058
3041678221
1547684820
1298293903
3786817251
3153130169
233865810
846755406
641594633
3192641182
2811812216
1231071283
3908301307
2267480506
2569859095
1240999925
659920802
919110439
1586598236
4149837099
2936019312
4412867373
341619119
2247837003
4303691405
998713507
1380856528
4226265807
3422086205
461330192
4105873790
2129200250
3854157149
3632361567
2085961510
2512701185
985145276
1236624051
3512652430
2638485723
55455263
3067814704
3280276644
2517158238
255266856
27584649
2934871928
466430245
931059321
1694593325
2031464138
881944082
1229522467
1382286615
473816486
406606403
2687118485
2546223611
641937586
3902629758
1645674099
2795767607
1649925055
1046510297
3029605081
1420812633
788589916
2602665964
4378340777
3249638476
2100923242
3225182844
445737869
1462761218
2346282448
2945038213
918940925
3917380887
2805810909
4099249309
2242375135
3376886843
342373782
182436190
2907811836
2978881456
4082170086
2878893693
3109395823
4010610835
500154949
1120586207
1422349178
4191876825
847869822
1353402016
1139601015
1719220826
955852187
412260795
1733957413
1755262673
1776262768
2581171318
611737371
1761721600
3002484070
222410164
4181360168
893621696
377692750
3667265425
3032380534
679622990
1161730065
1436200133
2715321211
1088362755
1008742673
3890835986
4037772251
490701716
2613620983
1151569963
1645285314
2449798582
718122581
1167310698
4395884505
2998026573
111445590
1700956272
3041946197
3401173126
2016911218
1620883253
2330282794
1644092612
3017456232
4323185048
404860732
1806721568
2195459189
2292273697
478070930
245150915
1774293580
1642254196
2771097496
2777751106
4046673551
2050921193
1297928321
684374414
1937509713
1617616358
1101057087
3161359814
1384940116
1038233215
3181327448
2656572935
2965621598
1496432216
3119526567
1280824235
4204073833
505511075
341974788
3463769833
759312956
4311532698
2668570979
3704999000
316765690
311804050
724537727
2143631455
3494705825
267461730
1216911973
4319494593
4383302039
1743626801
2261450262
2414027236
2374572116
1139753289
3702073245
24525704
2266294716
3700154076
2643178695
4146730458
676647630
112514116
3860545141
3337494052
1469387915
3056277454
1570636551
4223606808
1265885703
3619447927
1633591231
4133897441
371655367
1121640391
2750955095
673639406
2699535789
1786892896
3921665342
1089041264
2758444821
2261658910
3206964339
2192282059
2790895258
3494620203
2575413983
4172642055
702231971
2601201080
1256112147
2772465612
2169245373
3630339186
96246991
4407069881
2094916867
4120489835
67330034
3720119289
827296979
320001666
3756369652
1570979955
3519708295
2821392510
2901495283
3657621699
3589321070
1961281604
2211361890
2061303508
3904189060
3876569978
4211286061
601082510
1415092716
3427453897
3551556408
1935255210
4432931561
3633705190
1809512808
1125608577
2895707561
